

Time
5-fold CV: 1.621433973312378
10-fold CV: 1.6016438007354736
20-fold CV: 1.5355467796325684
(PCC) MEME_all: 3576
(Euclidean) MEME_all2: 2096 
(2-RMSE) MEME_all3: 1990
Ensemble: 7653

Deep Learning accuracy + F1 (04/10)
5-fold CV acc: [0.8108747044917257, 0.83451536643026, 0.8014184397163121, 0.8127962085308057, 0.7890995260663507]
5-fold CV F1: [0.7917502232439723, 0.8094111279170143, 0.7761743811625819, 0.7238511090391142, 0.7648464267214267]
10-fold CV acc: [0.7971698113207547, 0.8915094339622641, 0.8490566037735849, 0.8009478672985783, 0.7962085308056872, 0.8483412322274881, 0.8293838862559242, 0.7867298578199052, 0.8009478672985783, 0.8009478672985783]
10-fold CV F1: [0.7914444420313985, 0.9018581210078487, 0.8107070249387386, 0.757108157728637, 0.7573996147169522, 0.8053306360130155, 0.8507540897429846, 0.7060287059519423, 0.7435242133255928, 0.721126888207212]
20-fold CV acc: [0.7641509433962265, 0.8113207547169812, 0.8679245283018868, 0.8584905660377359, 0.8207547169811321, 0.8018867924528302, 0.8301886792452831, 0.8113207547169812, 0.8018867924528302, 0.8207547169811321, 0.8018867924528302, 0.8584905660377359, 0.7641509433962265, 0.8476190476190476, 0.780952380952381, 0.8380952380952381, 0.7619047619047619, 0.8857142857142857, 0.8380952380952381, 0.8857142857142857]
20-fold CV F1: [0.6773371998372, 0.7848587114950496, 0.8326143753568319, 0.7476059234882764, 0.6987692676547166, 0.7781819242848655, 0.7409392433076645, 0.7668191438704943, 0.7785322560109087, 0.8116260531583113, 0.8015114769990932, 0.7812908649321693, 0.7340280404069586, 0.797227923412134, 0.6265744631185808, 0.7822606372606373, 0.7076661951739351, 0.8692623604465709, 0.7287801624898399, 0.8319841269841269]

KNN Accuracy + F1 over range of K (04/09)
k = [1,3,4,5,6,7,8,9,10,11]
PCC Acc: [0.8296261239943209, 0.8263132986275438, 0.8215806909607194, 0.8149550402271651, 0.8130619971604354, 0.8102224325603408, 0.8069096071935636, 0.8017037387600567, 0.7950780880265026, 0.795551348793185]
Eyclid Acc: [0.8400378608613346, 0.8386180785612872, 0.836251774727875, 0.8310459062943681, 0.8282063416942735, 0.8253667770941789, 0.8220539517274018, 0.8154283009938476, 0.8097491717936584, 0.8050165641268339]
SW Acc: [0.836251774727875, 0.8386180785612872, 0.83719829626124, 0.8338854708944629, 0.8319924278277331, 0.8258400378608614, 0.8234737340274492, 0.8159015617605301, 0.8116422148603881, 0.807382867960246]
Ensenmbl Acc: [0.8419309039280644, 0.8400378608613346, 0.8386180785612872, 0.8334122101277804, 0.8305726455276857, 0.8267865593942262, 0.8230004732607666, 0.8159015617605301, 0.8130619971604354, 0.8116422148603881]
PCC f1: [0.7584345865157859, 0.7598439580610769, 0.7611130265348507, 0.7490257356050586, 0.746067857259001, 0.7451775478989747, 0.7416492182106458, 0.7344102603513774, 0.7252654030770097, 0.720650858197135]
Eyclid f1: [0.7634786332363314, 0.7571708627568451, 0.7563362859834095, 0.753421346941402, 0.750883070858564, 0.7454172630182667, 0.7402154415932033, 0.7281332466424162, 0.7223024349499922, 0.715554996148871]
SW f1: [0.7617997705664651, 0.7590900072441126, 0.7580218448235679, 0.753664447120537, 0.7508535653816932, 0.7462953792656906, 0.7430805757444473, 0.7287027315200296, 0.7226477953599102, 0.7084179152619444]
Ensenmbl f: [0.7654116199496412, 0.7602771466643828, 0.7623671095906969, 0.7592101268136343, 0.7528617775183848, 0.7487621563965923, 0.7459923980962304, 0.7334658561743442, 0.7287033889555946, 0.7193472912164207]

Deep Learning Accuracy and F1 per class.
03_25_5fold
Accuracy: [0.92, 0.712166172106825, 0.7566371681415929, 0.9502487562189055, 0.8666666666666667, 0.8495575221238938, 0.8392857142857143, 0.7263157894736842, 0.7127659574468085, 0.7931034482758621, 0.5625, 0.6585365853658537, 0.9473684210526315, 0.9459459459459459, 0.7333333333333333, 0.9230769230769231, 0.5384615384615384, 0.7727272727272727, 0.4, 0.8]
F1: [0.9224598930481284, 0.6866952789699571, 0.7261146496815286, 0.9294403892944039, 0.89937106918239, 0.8727272727272727, 0.8034188034188035, 0.7752808988764045, 0.7928994082840237, 0.8313253012048193, 0.6, 0.75, 0.8780487804878049, 0.8433734939759037, 0.7586206896551724, 0.9411764705882353, 0.5384615384615384, 0.7555555555555555, 0.48484848484848486, 0.6956521739130435]
03_26_10fold
Accuracy: [0.9306666666666666, 0.7091988130563798, 0.7477876106194691, 0.9402985074626866, 0.8727272727272727, 0.8938053097345132, 0.8125, 0.7684210526315789, 0.776595744680851, 0.8505747126436781, 0.6458333333333334, 0.7073170731707317, 0.8947368421052632, 0.8918918918918919, 0.8, 0.9615384615384616, 0.5384615384615384, 0.7272727272727273, 0.5, 0.75]
F1: [0.9053177691309987, 0.7253414264036419, 0.7511111111111111, 0.9264705882352942, 0.8674698795180723, 0.8782608695652174, 0.8348623853211009, 0.7373737373737373, 0.8202247191011236, 0.8222222222222222, 0.62, 0.7435897435897436, 0.8947368421052632, 0.868421052631579, 0.8727272727272727, 0.9615384615384616, 0.5490196078431373, 0.7619047619047619, 0.5882352941176471, 0.7894736842105263]
03_26_20fold
Accuracy: [0.8853333333333333, 0.712166172106825, 0.7610619469026548, 0.9303482587064676, 0.9151515151515152, 0.9026548672566371, 0.875, 0.8421052631578947, 0.8085106382978723, 0.8275862068965517, 0.625, 0.7560975609756098, 0.868421052631579, 0.8378378378378378, 0.8, 0.9615384615384616, 0.6923076923076923, 0.6363636363636364, 0.5, 0.6]
F1: [0.8888888888888888, 0.6966618287373004, 0.7926267281105991, 0.9234567901234568, 0.9179331306990881, 0.8908296943231441, 0.8521739130434782, 0.8465608465608465, 0.7835051546391752, 0.8135593220338984, 0.6666666666666666, 0.7294117647058823, 0.88, 0.8611111111111112, 0.7868852459016393, 0.9803921568627451, 0.631578947368421, 0.7368421052631579, 0.5263157894736842, 0.6666666666666666]
ensemble
Accuracy: [0.9626666666666667, 0.6468842729970327, 0.8938053097345132, 0.9104477611940298, 0.8848484848484849, 0.9823008849557522, 0.9107142857142857, 0.8421052631578947, 0.9468085106382979, 0.8620689655172413, 0.6875, 0.8048780487804879, 0.47368421052631576, 0.0, 0.9333333333333333, 1.0, 0.8076923076923077, 0.9545454545454546, 0.8, 0.8]
F1: [0.9562913907284768, 0.7327731092436974, 0.8632478632478633, 0.8735083532219571, 0.9182389937106918, 0.940677966101695, 0.9107142857142857, 0.8163265306122449, 0.9417989417989417, 0.8771929824561403, 0.6407766990291263, 0.825, 0.631578947368421, 0.0, 0.9032258064516129, 0.9811320754716981, 0.8571428571428571, 0.8235294117647058, 0.7804878048780488, 0.8]
euclid
Accuracy: [0.96, 0.6617210682492581, 0.8805309734513275, 0.8955223880597015, 0.8848484848484849, 0.9823008849557522, 0.9285714285714286, 0.8105263157894737, 0.9574468085106383, 0.8620689655172413, 0.6666666666666666, 0.7560975609756098, 0.4473684210526316, 0.0, 0.9, 1.0, 0.8846153846153846, 0.9545454545454546, 0.8, 0.85]
F1: [0.9536423841059603, 0.7371900826446282, 0.8671023965141612, 0.8653846153846154, 0.8957055214723927, 0.9327731092436975, 0.9285714285714286, 0.8148148148148148, 0.9230769230769231, 0.8670520231213873, 0.6213592233009708, 0.7948717948717948, 0.5964912280701754, 0.0, 0.9, 0.9811320754716981, 0.8846153846153846, 0.84, 0.8, 0.8292682926829268]
pcc
Accuracy: [0.9386666666666666, 0.6439169139465876, 0.8761061946902655, 0.9054726368159204, 0.8424242424242424, 0.9823008849557522, 0.8839285714285714, 0.8526315789473684, 0.9468085106382979, 0.8620689655172413, 0.6458333333333334, 0.8536585365853658, 0.47368421052631576, 0.0, 0.9333333333333333, 1.0, 0.7692307692307693, 0.9545454545454546, 0.7, 0.85]
F1: [0.9424364123159303, 0.7331081081081081, 0.8181818181818182, 0.8666666666666667, 0.8853503184713376, 0.9173553719008265, 0.8646288209606987, 0.8393782383419689, 0.9222797927461139, 0.8620689655172413, 0.7469879518072289, 0.8536585365853658, 0.6206896551724138, 0.0, 0.8888888888888888, 0.9811320754716981, 0.8333333333333334, 0.8936170212765957, 0.6666666666666666, 0.7906976744186046]
sw
Accuracy: [0.9626666666666667, 0.6379821958456974, 0.8938053097345132, 0.9054726368159204, 0.8727272727272727, 0.9469026548672567, 0.9107142857142857, 0.8421052631578947, 0.9468085106382979, 0.8390804597701149, 0.6458333333333334, 0.8536585365853658, 0.47368421052631576, 0.0, 0.9333333333333333, 1.0, 0.8076923076923077, 0.9545454545454546, 0.8, 0.8]
F1: [0.9588313413014609, 0.7288135593220338, 0.8744588744588745, 0.8687350835322196, 0.9113924050632911, 0.9224137931034483, 0.9066666666666666, 0.8121827411167513, 0.9319371727748691, 0.8690476190476191, 0.5904761904761905, 0.8433734939759037, 0.631578947368421, 0.0, 0.9032258064516129, 0.9811320754716981, 0.84, 0.8235294117647058, 0.8, 0.8]

Consensus Seq Accuracy:
Tomtom-KNN (Euclidean, K=1)
0.7903454803596782
03_26_10fold
[0.7216981132075472, 0.839622641509434, 0.7688679245283019, 0.7251184834123223, 0.7203791469194313, 0.7535545023696683, 0.7488151658767772, 0.7535545023696683, 0.7014218009478673, 0.7725118483412322]

